   43 375557
   43 375569
   41 374908
   41 374984
   41 374996
   43 375672
   41 375165
   42 375242
   41 375127
   43 375634
   43 375684
   43 375812
   41 375002
   42 375204
   42 375216
   41 375064
   41 372445
   41 375076
   41 375090
   41 375040
   42 373448
   41 374934
   41 374946
   43 375456
   43 375468
   41 375038
   41 374972
   41 375014
   41 375026
   42 375177
   42 375189
   42 375191
   42 375254
   42 375278
   42 375280
   42 375230
   41 375052
   42 375305
   42 375317
   42 375329
   42 375331
   42 375343
   42 375355
   42 375367
   42 375379
   42 375381
   42 375393
   42 375406
   42 375418
   42 375420
   43 371050
   43 375444
   43 375470
   43 375482
   43 375494
   43 375507
   43 375519
   43 375521
   43 375545
   41 374960
   43 375660
   43 375571
   43 375595
   41 375115
   43 375646
   43 375610
   43 375622
   41 375103
   43 375658
   41 375139
   41 374922
   41 374958
